-18.920260297068086, -6.301720553875458, 28.887611514412928, 1.0
-18.920260297068086, -6.301720553875458, 28.887611514412928, 1.0
-20.320052267663048, -7.403881491078518, 31.606411136963597, 1.0
-19.04641208457738, -7.328948722762637, 30.031847055229097, 1.0
-19.59826023081182, -7.161362849816157, 30.94823415347027, 1.0
-18.69484878914358, -6.289516621121243, 29.81009235364769, 1.0
-19.58899003196856, -7.424330747284072, 31.31018620708604, 1.0
-19.574700576647423, -8.2387390826505, 31.377414299409068, 1.0
-19.609145093092312, -8.037662496001122, 31.458736355722902, 1.0
-19.002709890471046, -7.122190319086244, 30.665640451553337, 1.0
-20.29892876061687, -7.410068234822218, 32.81672855293987, 1.0
-20.29892876061687, -7.410068234822218, 32.81672855293987, 1.0
-19.44197428171976, -6.888319897693013, 31.465574349710096, 1.0
-18.964982358965255, -7.3246017457322, 30.743174418714005, 1.0
-18.718132801035424, -6.941552060799829, 30.626156681192697, 1.0
-19.16863645733619, -7.328295477401054, 31.673498952792997, 1.0
-18.044176259183374, -6.566491943879039, 30.601956520891108, 1.0
-15.758470965406604, -4.034381974597498, 26.93606743996915, 1.0
-15.758470965406604, -4.034381974597498, 26.93606743996915, 1.0
-15.637554363975552, -4.94281905219019, 26.91066325150144, 1.0
-15.637554363975552, -4.94281905219019, 26.91066325150144, 1.0
-18.122044309968384, -7.0136392089989865, 31.408471283648918, 1.0
-14.946113263826328, -5.141835216052635, 26.54080314006283, 1.0
-4.7294650420089965, -1.34461952349662, 13.74339844421385, 1.0
-4.99023798787207, -1.5805639588780807, 14.558773107163166, 1.0
-4.710111549786451, -1.617393610204015, 14.216202677360808, 1.0
-4.142033837767671, -1.1783576353413405, 13.24492277734918, 1.0
-5.005386857775854, -3.968316012059681, 16.40945590048258, 1.0
-3.7291103589872296, -0.8122204881358057, 12.502122678820937, 1.0
-3.5304688149267434, -0.1354317860194144, 11.982645387247498, 1.0
-3.6749686866779663, -1.1300979166426974, 12.585409219548692, 1.0
-3.840207968064748, -1.8742403226099962, 13.300598963838153, 1.0
-3.40971413992075, -0.006472156257409371, 11.856123253293346, 1.0
-3.563569165026078, -1.1014938037416062, 12.488133729533466, 1.0
-3.461066807998617, -0.8746007358083117, 12.158731994936309, 1.0
-3.683990119589142, -1.7674993759592794, 13.013711149038878, 1.0
-3.6294202847410686, -1.5911814004013463, 12.949621138425428, 1.0
-3.4396168206464575, -1.1124756255273567, 12.34362282469868, 1.0
-4.182707535296757, -4.1279754755273945, 15.346603425689256, 1.0
-3.2859802062796724, -0.8526631374992524, 12.047546546983295, 1.0
-3.4589579854379866, -1.9021289773566536, 12.69684358247647, 1.0
-3.1619340764721553, -0.6547506773297959, 11.783056373295404, 1.0
-3.1619340764721553, -0.6547506773297959, 11.783056373295404, 1.0
-2.995307670241939, 0.3078458381123205, 11.160473666005537, 1.0
-2.995307670241939, 0.3078458381123205, 11.160473666005537, 1.0
-2.957370290021236, 0.25938544436089245, 11.229212122956797, 1.0
-2.954386188182245, 0.002714623316189437, 11.271133836106802, 1.0
-3.2369856006024555, -1.459974115353317, 12.386186067656082, 1.0
-3.074963598736301, -0.9373011349299388, 11.836150029220772, 1.0
-2.881470192627395, 0.08601466896121843, 11.151290841306647, 1.0
-2.843284248521457, 0.19058997659889307, 11.081265731090399, 1.0
-3.8914900108629036, -4.275839665099426, 15.303222606019332, 1.0
-2.964707557844838, -1.483765579493606, 11.988135026301368, 1.0
-2.877209942112438, -1.3834933234064033, 11.784869902278144, 1.0
-2.8681081471963448, -1.6899863706164258, 11.868526385632919, 1.0
-2.568016340473083, 0.1438164304066957, 10.715286537838494, 1.0
-2.4947916515614854, 0.7731858729843264, 10.39886009693191, 1.0
-2.722553377692873, -0.9042379163008194, 11.384481856376759, 1.0
-2.7732896096645487, -1.3717647950516136, 11.662330471149431, 1.0
-2.6108381014732607, -0.2144913727967842, 10.974865495423835, 1.0
-3.5069545430850138, -4.341183230164805, 14.764148684033682, 1.0
-2.5218435093884626, 0.3233024816096978, 10.626984044548221, 1.0
-3.5207843866339337, -4.187523481961331, 15.046579746331888, 1.0
-3.469072925115146, -4.140974692219348, 14.873069334052037, 1.0
-2.400811284596003, 0.7374237171785474, 10.299168752301695, 1.0
-3.4229724667244468, -4.2626672927160625, 14.95441876705208, 1.0
-2.718095837131235, -2.290106290274941, 11.989708453117444, 1.0
-2.4787752226412123, -0.5387514435292753, 10.952324853485777, 1.0
-2.1949453222960615, 1.567721986197665, 9.68383236609746, 1.0
-2.405145654013693, -0.20385783874764085, 10.688161874332843, 1.0
-2.4838793339689236, -0.9834719888897576, 11.05766832629364, 1.0
-2.5850601652662357, -1.5002367992585701, 11.531167453282757, 1.0
-2.290766265886892, 0.06978041062070747, 10.435911666669337, 1.0
-2.438781428855643, -1.2427228212576196, 11.17006143955885, 1.0
-2.3608623979934023, -1.0106013290963165, 10.956842064872731, 1.0
-2.2211569515778633, -0.14962138247702725, 10.416358304844723, 1.0
-2.15261334953576, 0.22649605558124797, 10.13986180442367, 1.0
-2.2040373210451483, -0.23095659754305845, 10.398842862910657, 1.0
-2.2531322649535284, -0.8572144104180547, 10.763906592977872, 1.0
-2.2531322649535284, -0.8572144104180547, 10.763906592977872, 1.0
-2.416610391915745, -2.295568202980018, 11.55857134342437, 1.0
-2.2665673209036123, -1.211094903446545, 10.900623529327511, 1.0
-2.2278757718229687, -1.049128619365759, 10.74946832983899, 1.0
-2.029011279161736, 0.871149923183144, 9.758187251910183, 1.0
-2.3674915797885916, -2.606524974184577, 11.637450906628729, 1.0
-2.125858620636442, -0.6559615864112835, 10.513334601409305, 1.0
-2.088692955225105, -0.3908290460031739, 10.329659868958386, 1.0
-1.9472681832179717, 0.6585139672944235, 9.729206466963824, 1.0
-1.9785553688007178, 0.22731364656460584, 9.965775771732472, 1.0
-1.9657084271581537, 0.011088186051307366, 9.917114993162818, 1.0
-1.9528225650616486, 0.09785837877276103, 9.91175655764877, 1.0
-1.9962496423026435, -0.2970757552902918, 10.181736883377347, 1.0
-2.1307984545641174, -1.3409688342168664, 10.881562600455844, 1.0
-2.0140301645529055, -0.4245815514616127, 10.28816225352823, 1.0
-2.254575831982638, -2.671985168795184, 11.581663475617292, 1.0
-1.926341232054329, -0.21099392493239819, 10.011423752084825, 1.0
-1.91501070681318, -0.03739525410443786, 9.954219190919664, 1.0
-2.172571121693382, -2.380453861263368, 11.391510602310172, 1.0
-1.8904077937288712, 0.24953154840204675, 9.90486239539962, 1.0
-1.9491322143040635, -0.6745467077259641, 10.267523018026434, 1.0
-1.977178808839037, -1.112941200915447, 10.514017704984814, 1.0
-2.107986630584482, -2.4799244284409174, 11.28684476813088, 1.0
-1.855188410107658, -0.18421262330988317, 9.9333023836988, 1.0
-1.8525213556974516, -0.3237290534982499, 10.03472377294441, 1.0
-2.1088622228488982, -0.8941936276029377, 11.523662878876946, 1.0
-1.7955724658454986, -1.0262113061834435, 10.174425587341759, 1.0
-1.6234520661911989, 0.6438601795070903, 9.264994572347419, 1.0
-1.8858927014344937, -2.2703066930313986, 10.898801419355854, 1.0
-1.793248450154885, -1.3327002006125772, 10.386967675930324, 1.0
-1.6301995631886579, 0.3288598754063141, 9.437858304388078, 1.0
-1.8630133833484888, -2.5592104017150095, 10.979496334040144, 1.0
-1.620727413530714, 0.025669544881462284, 9.554064638693545, 1.0
-1.6996537481052771, -0.9449910061143837, 10.10958311217666, 1.0
-1.540279098025419, 0.7189041158530717, 9.145116383367203, 1.0
-1.5476442272194788, 0.6768820142870129, 9.201096130736287, 1.0
-1.6715783178872181, -1.0199137138544694, 9.989678780788491, 1.0
-1.6909993574605109, -1.4432242707022516, 10.24569726613232, 1.0
-1.6045580940844577, -1.0470215717174345, 9.990831716784664, 1.0
-1.447724847716598, 0.790068146460239, 8.993695048781255, 1.0
-1.7369772076631962, -2.693662080345836, 10.87920609041594, 1.0
-1.4352563386746418, 0.14087974038725581, 9.303234967063121, 1.0
-1.619907338638235, -2.206106554481568, 10.601533137398437, 1.0
-1.3609566331767302, -0.2851350171754659, 9.320446978437914, 1.0
-1.2707734461072921, 1.1589692527162188, 8.682947137730068, 1.0
-1.5021083860804032, -1.8698994334745505, 10.440401989234465, 1.0
-1.3157542455632507, 0.006560948887980133, 9.24681624913629, 1.0
-1.483218251361157, -2.1545226440741176, 10.471729936632178, 1.0
-1.3077881298174951, -0.17903826620687133, 9.230943893559628, 1.0
-1.3159612814455781, -0.4193103155726586, 9.366955725848257, 1.0
-1.291150569444711, -1.3408751412383269, 9.72435972124407, 1.0
-1.1150278746593054, 1.344452097361114, 8.318681950421308, 1.0
-1.1413579319921918, 0.19255522886427492, 8.844905751594037, 1.0
-1.0765153655074184, 1.0508823384793802, 8.379546437914785, 1.0
-1.2133575605413738, -1.272503152199225, 9.594006269875994, 1.0
-1.2125671470357104, -1.4737621645272854, 9.665353662390975, 1.0
-1.0896379788847474, 0.24040006678032005, 8.721987578182327, 1.0
-1.0322985005196308, 1.101752337430801, 8.344640685553872, 1.0
-1.070165659247892, -0.02331377682466493, 8.772386122418933, 1.0
-1.1761794340969836, -1.7023268870853114, 9.742920426565723, 1.0
-1.439725703197763, -3.6374790719013252, 11.781697301501945, 1.0
-1.11390307974965, -1.122566014534267, 9.30033918425301, 1.0
-1.1043730048990015, -1.2966808439578497, 9.377886410059286, 1.0
-1.0486943047121118, -0.3149480463602928, 8.914039663403123, 1.0
-1.0104514795902375, -0.41427525225788414, 8.903991786419418, 1.0
-1.0506226553855946, -1.1298018568878037, 9.284790106706723, 1.0
-0.9843515093529199, -0.3692810692878922, 8.845462396424542, 1.0
-0.9467301512783014, 0.5729531077054101, 8.532646556628602, 1.0
-0.9467301512783014, 0.5729531077054101, 8.532646556628602, 1.0
-1.0067855824494898, -1.2430939525331879, 9.267941296968425, 1.0
-0.8936739264523385, 0.4525689598357023, 8.427505232493647, 1.0
-0.8988290979614538, 0.30357930293452506, 8.598456079535776, 1.0
-0.8985336383921401, 0.05007196851134262, 8.614665206791404, 1.0
-0.8408142808746991, 0.5098359394778293, 8.22640517152644, 1.0
-0.8118772370022473, 0.7751185327298501, 8.111488038787904, 1.0
-0.8835472238644327, -0.9772291684673591, 8.98162851537756, 1.0
-0.8839900682190717, -1.1581907560892506, 9.032061072197571, 1.0
-0.7872556416034977, 0.30155171027306205, 8.333961463565661, 1.0
-0.7775658582678715, 0.39434509040933924, 8.251937779675371, 1.0
-0.7820510707660837, -0.11686709078784474, 8.500211440548856, 1.0
-0.7820510707660837, -0.11686709078784474, 8.500211440548856, 1.0
-0.8011833327182498, -0.8460472771752056, 8.825709372028417, 1.0
-0.7353602724691971, 0.7914503766204803, 8.03009720646189, 1.0
-0.6915642366122422, 1.0221623411025988, 7.934302414441113, 1.0
-0.6429921158484981, -0.1919409913129401, 8.359570961849657, 1.0
-0.5684495283174829, 1.069625558965475, 8.06705331960159, 1.0
-0.5720591847674892, 0.03959940943663715, 8.289890008703901, 1.0
-0.519283487750841, 0.9988343662344052, 7.975337643680431, 1.0
-0.4871410201516926, -0.06126053417784476, 8.416452725153254, 1.0
-0.4871410201516926, -0.06126053417784476, 8.416452725153254, 1.0
-0.4249061667884864, -0.31565845264081993, 8.58621163809806, 1.0
-0.3762695650291842, 0.8550576334307506, 8.009968304417338, 1.0
-0.3762695650291842, 0.8550576334307506, 8.009968304417338, 1.0
-0.3762695650291842, 0.8550576334307506, 8.009968304417338, 1.0
-0.2932345040134209, 1.0042728588656977, 8.089101238985233, 1.0
-0.2697913630984304, 0.4280092720665234, 8.424001343082184, 1.0
-0.27454085702486, -1.0746448858724837, 9.12992715720551, 1.0
-0.20924034600341918, -1.2520728152436262, 9.228359670105604, 1.0
-0.09826551816663436, -1.3080251265635594, 9.29727328039087, 1.0
-0.09826551816663436, -1.3080251265635594, 9.29727328039087, 1.0
-0.04143478266413119, -1.6179329821825388, 9.564162247956556, 1.0
-0.0611592584919273, -3.4070772600173664, 12.330553438624364, 1.0
-0.03528600763318439, -1.1151775388980976, 9.351421593308, 1.0
-0.033354146810095034, -0.5684321203124492, 9.098714082670721, 1.0
-0.031299523859979826, -1.3779298601559156, 9.411433803337168, 1.0
-0.03009700016999748, -3.318143465520508, 12.263725235237127, 1.0
-0.010993760609072034, -2.342662791099681, 9.85052127498709, 1.0
-0.01249181560159776, -2.224656887847597, 9.903355912952486, 1.0
0.002386809340285393, -4.289169591996185, 12.75275334924235, 1.0
0.0240049694326593, -3.3206692071467714, 12.06579500322658, 1.0
0.03416800616523202, -1.4443601389731389, 9.392122117584675, 1.0
0.044104257206596185, -4.440061457556292, 12.941929440808073, 1.0
0.05334028864286214, -4.354313837836992, 12.719111306389282, 1.0
0.2607184312277523, -3.5287271071480064, 12.057838850338426, 1.0
0.2779680927987973, -2.0530541802780817, 10.110282602569367, 1.0
0.29399684105504387, -1.4195355576037227, 9.837003127636901, 1.0
0.3251050011882632, -2.3105668408294116, 10.218636192263968, 1.0
0.31269865323768997, -0.5145732159007438, 9.304342023805884, 1.0
0.34141639885248337, -1.4499399715233665, 9.801342146505807, 1.0
0.34837846877417306, -1.5251323612367274, 9.825504103184942, 1.0
0.36362873432841886, -2.0134258964274867, 10.089958159846693, 1.0
0.4208805113539907, -3.0478416349943163, 11.758459405194186, 1.0
0.39431665360097673, -2.2100493914633326, 10.174562410028686, 1.0
0.47513545806240814, -4.407513248195175, 12.55691986537066, 1.0
0.8779889860785189, -2.6470325169177964, 11.063385979833111, 1.0
1.0494944187481055, -4.388079098937658, 12.11223559163109, 1.0
1.1324075746410178, -3.4509252004512, 11.593152026469612, 1.0
1.1450950805796873, -3.3997781338876827, 11.457852834675696, 1.0
1.2887529466693206, -2.6972970238636305, 10.729098737117917, 1.0
1.3346604992179758, -1.9078420607646325, 10.096219441118873, 1.0
1.4403706989405947, -1.920285611951389, 10.055789047043602, 1.0
1.7822522349329069, -3.643992989063733, 11.704692348700243, 1.0
2.0442129571949943, -4.402016911168034, 11.553624041708153, 1.0
2.0484342332899454, -3.928812462655298, 11.301312354681333, 1.0
2.128394773581718, -4.388573003786867, 11.462960444461071, 1.0
1.879208077358129, -1.957004504013374, 9.574648445617099, 1.0
2.091409046412548, -3.3976256345224685, 10.683358363943734, 1.0
2.155743034451388, -3.6614223693613597, 10.93455881347245, 1.0
2.27450215104149, -4.391054777328896, 11.534819179638284, 1.0
2.3214013600014636, -4.4261737515968065, 11.468075108379866, 1.0
2.0899862114125907, -3.8222066186866734, 10.045617335604087, 1.0
2.155762277558562, -2.792777327613085, 10.338916762044201, 1.0
2.259285293091872, -3.5166636309676913, 10.803930572227141, 1.0
1.8903826442375995, -0.7799149381279569, 8.875690422769468, 1.0
2.3001971372458354, -3.5244726700652267, 10.886072146410587, 1.0
1.9030244120449513, -0.8757631277193596, 8.926976462503735, 1.0
1.82799526151736, -0.17516355888969073, 8.48861888857907, 1.0
2.3436418467807894, -3.52519551686415, 10.86542128137055, 1.0
1.8673023309236234, -0.12693319311752313, 8.48985390901411, 1.0
1.8673023309236234, -0.12693319311752313, 8.48985390901411, 1.0
1.984463834849039, -0.8385483888946086, 8.881296287488508, 1.0
2.334843333691946, -2.7894690471312105, 10.441600141997352, 1.0
1.9095510271969827, -0.15139866676379374, 8.473532425066747, 1.0
1.901083186017463, -0.07429371539184464, 8.429390712799204, 1.0
2.2734274343933087, -2.1586788910952555, 10.02036118798937, 1.0
2.1093621051438753, -1.24502156166901, 9.21445505378127, 1.0
2.0763958299098126, -0.6535758334742067, 9.004346444487307, 1.0
2.731457511405833, -4.348849066378842, 11.856013957654449, 1.0
2.1841646500157132, -1.0873381368277417, 9.3157396059507, 1.0
2.1414972876295697, -0.8180822865320106, 9.094433769580771, 1.0
2.0616779196616477, -0.12344271365677253, 8.680427320498692, 1.0
2.0437430443209696, -0.049036860353832736, 8.60057250331254, 1.0
2.79278438172549, -4.2596859806556, 11.741693762372961, 1.0
2.7574843343537068, -3.693088338562203, 11.550619390460472, 1.0
2.6380852297065496, -3.3390299815281947, 10.961879431419995, 1.0
2.811602554877636, -3.8690937251144275, 11.701577381949061, 1.0
2.393615597836775, -1.8458554215617267, 9.82337927097791, 1.0
2.4591140084415812, -1.907491942627358, 10.022529317947336, 1.0
2.59253873907039, -2.5341650723616733, 10.584804594469288, 1.0
2.2089917957862086, -0.7259743639406455, 8.944387685354126, 1.0
2.7333436110115916, -2.9504468601588156, 11.109010703722786, 1.0
2.615479311192916, -2.6484333245471627, 10.597756181022408, 1.0
2.3550004809630365, -1.027353634422176, 9.478021386547598, 1.0
2.281052982340515, -0.7900977109855517, 9.16038329793195, 1.0
2.490337137575381, -1.7785996498923486, 10.024185914716218, 1.0
2.2335587505120413, -0.39492145060707623, 8.907319810960237, 1.0
2.3862398786383157, -1.1312693190641778, 9.49413284228707, 1.0
2.293866068370005, -0.5252383223009839, 9.05327714506803, 1.0
2.664211470845782, -2.2748676103519916, 10.521089403865593, 1.0
2.4371808380266136, -1.0719163030498893, 9.524817689443537, 1.0
2.4371808380266136, -1.0719163030498893, 9.524817689443537, 1.0
2.356228678244126, -0.7116225441760652, 9.174389234985027, 1.0
3.0526437024987696, -4.010207550930323, 11.984137909652556, 1.0
2.695475032395156, -2.3173891511631606, 10.489850928407789, 1.0
2.2949340857639458, -0.033503584325673574, 8.813098446182021, 1.0
2.951986487333808, -3.3482355151572727, 11.409591799621468, 1.0
3.154617679982426, -4.218536865448122, 12.171627652900632, 1.0
2.4908918605662156, -1.096547469787377, 9.51991866425008, 1.0
2.7941396102752725, -2.541291139276176, 10.70167733704114, 1.0
2.742304487931353, -2.216269179736998, 10.463416541184303, 1.0
2.5237714160398483, -1.0298273767958483, 9.485875782182417, 1.0
2.4664376761009255, -0.6826543599398999, 9.23157775610395, 1.0
2.582643667251044, -1.058554984449231, 9.531972762665795, 1.0
3.074335879213985, -3.182013823394263, 11.416863370079794, 1.0
3.0712355196834413, -3.3346745749916726, 11.367101608650154, 1.0
3.0712355196834413, -3.3346745749916726, 11.367101608650154, 1.0
2.524491757049916, -0.7186926683536901, 9.272421654829483, 1.0
2.524491757049916, -0.7186926683536901, 9.272421654829483, 1.0
2.51371839617354, -0.639954140860033, 9.224674615509043, 1.0
2.8008489402654453, -2.0044857130277736, 10.280939796345127, 1.0
2.763158301964132, -1.8052869159425744, 10.090701162216858, 1.0
2.680073365178551, -1.4931673773502503, 9.750199877288669, 1.0
2.869173951818009, -2.1522290088183365, 10.431205641186105, 1.0
2.6921602239036853, -1.3081698715031198, 9.724398710387058, 1.0
2.5875777229767034, -0.7756239499171445, 9.309803919910832, 1.0
2.552790974537949, -0.6158888152362544, 9.144043405812308, 1.0
2.576027770156004, -0.5027494983921272, 9.211834572830318, 1.0
2.5196533466311863, -0.2865441591689558, 8.962691976692854, 1.0
2.498365920399547, -0.2826925396147322, 8.869920385906392, 1.0
2.4151483786123977, 0.408257180445832, 8.54765571381748, 1.0
3.1574810973781675, -2.8366026438790977, 10.834740293324638, 1.0
3.2722958207515216, -3.402858658075561, 11.195156303851675, 1.0
3.2444436986289187, -3.2161846371772866, 11.072976002601127, 1.0
3.2123902155849207, -3.0512131674152743, 10.955625398279892, 1.0
3.0625489139580226, -2.3927732054081643, 10.365916769161764, 1.0
3.0798448070189672, -2.505996450154613, 10.414590393764888, 1.0
2.9363453231576115, -1.9564979842690722, 9.891388911684079, 1.0
3.013656647633062, -2.2148636480594552, 10.147161632581936, 1.0
2.824493888797095, -1.3250401928027604, 9.392707746311467, 1.0
3.188887822842073, -2.782035311263726, 10.618511393511666, 1.0
2.697376893996012, -0.7726637270804518, 8.911534654327848, 1.0
2.5394660843102783, -0.020816652336923744, 8.353508508284996, 1.0
2.6582931508989533, -0.5831894295450759, 8.737846980168314, 1.0
2.670608586668296, -0.6972018997243569, 8.781314432107623, 1.0
2.9730939118771134, -1.788603696520628, 9.800554513746919, 1.0
2.579233358464205, -0.20549438663609215, 8.450641419114065, 1.0
3.012313312139017, -1.4819292534761948, 9.893195772578247, 1.0
2.580223165412546, -0.057836827060427046, 8.414470031774616, 1.0
2.540519750072502, 0.12360179419786975, 8.264021014353936, 1.0
3.521501163922202, -3.3829153441322766, 11.57481279649489, 1.0
2.541519134814909, 0.25078201047828713, 8.244483505004618, 1.0
2.750976208406209, -0.797486203784591, 8.934477889454163, 1.0
2.6419089643585427, -0.017054999584559357, 8.38382749706692, 1.0
3.793819764790208, -3.728736572829802, 11.967225506787603, 1.0
2.937876163641405, -0.6821450539090369, 9.102739998886083, 1.0
3.739001444700197, -2.9512629517011435, 11.573343316875507, 1.0
2.815691138670852, -0.14561290340857092, 8.462852808316287, 1.0
2.774172578710781, -0.06208819960485908, 8.330817738588001, 1.0
3.950407125008266, -2.9789966859820254, 11.608701122328744, 1.0
3.7469188255056514, -2.3303372923015067, 10.931629818212643, 1.0
3.5755797173014328, -1.7426857717449271, 10.3493292481712, 1.0
3.36060441730112, -0.9968831337697049, 9.611291623956038, 1.0
4.10580330395968, -3.1115993243330187, 11.789657184870649, 1.0
3.118371597286445, -0.08764899817313922, 8.782872007964853, 1.0
3.0981602407927795, -0.003105032170516086, 8.715797224246424, 1.0
4.691349436607853, -2.366218589418649, 12.063904237238233, 1.0
4.239193027052633, -1.5943977065881356, 10.851408636858288, 1.0
4.865281198369802, -2.5899592957036086, 12.320101076258771, 1.0
4.606554623908296, -2.0467107112509444, 11.652394250976265, 1.0
3.520570771566612, 0.20601300694870525, 8.842928104307722, 1.0
4.874690299547968, -2.244212068242396, 12.275169652879542, 1.0
4.711226752035728, -1.972854778962069, 11.786870164235609, 1.0
4.711226752035728, -1.972854778962069, 11.786870164235609, 1.0
3.801425190016315, 0.025356614885857293, 9.445199043412515, 1.0
4.479495711566031, -1.4417427737134665, 11.072891153902804, 1.0
4.073658932263627, -0.5202447982422463, 10.004864243923299, 1.0
3.929216150409218, -0.30377910611453846, 9.632750140025072, 1.0
3.6700601861394406, 0.11900928904538245, 8.977198783257741, 1.0
3.7631226353650735, 0.05221537836398882, 9.16781720604485, 1.0
5.35485035302804, -2.9507283403576854, 13.10012893927111, 1.0
3.959683625498748, -0.4208742694222276, 9.613216698957318, 1.0
5.076130315390008, -2.3213719994716895, 12.326781011960056, 1.0
4.99919133645345, -2.133438907369647, 12.112957321860364, 1.0
3.9968787320742165, -0.33734052640626705, 9.630851049236227, 1.0
4.3629994272265895, -0.8561819778281451, 10.38322656229664, 1.0
5.357883456959222, -2.4634436733523435, 12.765089223032648, 1.0
3.997394911958424, -0.31507543299067403, 9.467227328727121, 1.0
4.326225247455567, -0.657628821465047, 10.25533934246906, 1.0
3.959779548261492, 0.03606644743608209, 9.28748185671886, 1.0
3.8799606473270662, 0.28046869282276854, 9.05937204993529, 1.0
5.53402906309215, -2.489342321322717, 12.992675517153593, 1.0
5.357264343315984, -2.0647981341344694, 12.511041355170223, 1.0
4.731900184540304, -1.2857460861884293, 10.97930239462871, 1.0
5.296459877284579, -1.8501510148600187, 12.294872188095711, 1.0
4.813694498939273, -1.174028784876226, 11.13017545597791, 1.0
4.579584700009039, -0.9077484630734531, 10.556758673944653, 1.0
5.024228960542036, -1.4339246857560586, 11.527496951687677, 1.0
5.438383696269045, -1.9085059207351656, 12.47584929890161, 1.0
4.397488200373199, -0.39648218470517294, 10.030379119502342, 1.0
4.397488200373199, -0.39648218470517294, 10.030379119502342, 1.0
5.874562441022484, -3.1412252704707306, 13.450779695241566, 1.0
4.310964486968734, -0.21187811168473875, 9.80838763301182, 1.0
4.424057636170637, -0.23514728703567545, 9.940581851818767, 1.0
5.285731460642428, -1.4017363918808379, 11.85895054804855, 1.0
4.837665828838756, -0.7537306581511116, 10.764681122507323, 1.0
4.846733690659403, -0.5866366924082317, 10.746065218874767, 1.0
5.753735676623934, -1.959799408379577, 12.788100500929898, 1.0
5.2733071675206125, -1.2574182656750252, 11.682266518110058, 1.0
4.875962848288313, -0.6380603261486978, 10.737137800083294, 1.0
6.890469330966458, -1.843600506278952, 15.043273794040182, 1.0
5.313919088150807, -1.066784096897358, 11.546311372654376, 1.0
5.548315460316861, -1.3328378349089887, 11.962386816397887, 1.0
4.871619369598106, -0.33262128514463873, 10.451396582425161, 1.0
4.871619369598106, -0.33262128514463873, 10.451396582425161, 1.0
4.732350085954869, -0.11894745287764115, 10.117254611691564, 1.0
6.299961623687639, -2.1104181240114035, 13.518364377545334, 1.0
5.663471788346756, -1.2507925284460462, 11.987597344113745, 1.0
5.7456763954621435, -1.117922956698619, 12.144634769961502, 1.0
4.91152052694768, -0.11111978913965077, 10.222534103593649, 1.0
4.715874541751703, 0.13843322484144321, 9.778767495413948, 1.0
2.013846241250502, -2.8163846099878227, 10.23660350794339, 1.0
2.1455172018320057, -3.894595973828995, 10.225896543653784, 1.0
2.0533570100679395, -2.0596804304214897, 9.777982066079101, 1.0
1.9370533055628476, -1.243095892957594, 9.15017834981163, 1.0
1.9353346691579554, -0.8250742331154793, 8.88480905301633, 1.0
1.9353346691579554, -0.8250742331154793, 8.88480905301633, 1.0
2.274946279512798, -2.663206728469276, 10.29187253974829, 1.0
2.3798199221403955, -0.7006513004829873, 9.410926432178298, 1.0
2.1758293184299116, 0.8276937380830485, 8.071150282938433, 1.0
2.3153341084957293, 0.27352292376723325, 8.52990310474766, 1.0
2.2226858860973473, 0.8670791229844405, 8.114453455043252, 1.0
2.9694282813722217, -2.551324175823457, 10.862290939061378, 1.0
3.0271360959266396, -2.791486645439268, 11.066331304934613, 1.0
2.810616146438066, -1.1620840592804045, 9.359789116188447, 1.0
2.827388619242099, -1.220793590634992, 9.401206785141067, 1.0
2.6207229324852777, -0.3417769600302632, 8.607362692435398, 1.0
2.478428028881121, 0.21013983765305766, 8.083101076126528, 1.0
2.3881908912011447, 0.650432337802874, 7.729745955496121, 1.0
2.3741659626200526, 0.6462751785354995, 7.664451780485053, 1.0
2.363244644655552, 0.7684087060176309, 7.58692098934573, 1.0
2.316932555023896, 0.9901177738422897, 7.426903527874873, 1.0
2.4709566783651606, 0.38027696441420056, 7.8473397803032325, 1.0
2.388740995848317, 0.8115586307829057, 7.545482132385093, 1.0
3.5897185836508743, -3.233895361135683, 11.41728039963847, 1.0
2.4321241937572173, 0.792568498684552, 7.560349911629914, 1.0
3.614003023474612, -3.068954549055677, 11.308724912962603, 1.0
2.50300469643042, 0.9380249424101729, 7.631743259346313, 1.0
2.474803644757694, 0.9609507912050483, 7.5154474910887705, 1.0
4.202164654197668, -3.8616199815233268, 12.699617604070074, 1.0
4.240180089920706, -3.54427589164587, 12.209461314244342, 1.0
3.326700822609916, -0.6482567670149717, 9.468216568280125, 1.0
2.701033024345875, 1.0824705014999725, 7.578192255982007, 1.0
2.710128082625149, 1.1757095910495858, 7.570406764568414, 1.0
3.0426054928316506, 0.8879415024579734, 8.006879977827756, 1.0
3.0462866386905967, 1.1954660630839458, 7.9514956472004314, 1.0
3.065748679692006, 1.1532684586033026, 7.8876388057285505, 1.0
3.1148980845906937, 1.197751538713269, 7.900238878881409, 1.0
3.115062228225214, 1.14228283259267, 7.867448552446179, 1.0
3.582269216542318, 0.3917355238158815, 8.859709199704533, 1.0
4.626475769062367, -1.704971085816027, 11.473563119150201, 1.0
3.2213734303782484, 1.150053995580413, 7.926058865805065, 1.0
3.221734539487204, 1.1490452404647633, 7.926606233812212, 1.0
4.927602006757564, -1.6357417894665203, 11.818180347950163, 1.0
4.927602006757564, -1.6357417894665203, 11.818180347950163, 1.0
3.731041381120724, 0.6124051370129394, 8.853529772818382, 1.0
5.495239467702803, -2.3913793164471686, 13.060547568753673, 1.0
3.486080475327958, 1.1962103034212046, 8.22019874196944, 1.0
3.523876952201423, 0.9704621292631564, 8.297993176643638, 1.0
3.8965440720915745, 0.4332888440577608, 9.05852055744699, 1.0
5.388585687589978, -1.4047692714332738, 12.237323888682504, 1.0
4.304039114849312, 0.22609631967279506, 9.636090431590237, 1.0
3.7029487838585133, 1.07777495259196, 8.26719489728651, 1.0
4.711397249490801, -0.15188540639923467, 10.401629345451262, 1.0
5.643534641973218, -1.332407923638168, 12.327720259471928, 1.0
5.583485905646726, -1.0248130253681562, 12.108284507540905, 1.0
6.723274116399333, -2.6803918860693203, 14.492138395713845, 1.0
-1.1366652738568874, -1.4423986542830778, 10.603144175802097, 1.0
-1.13965034075393, -2.5442892345697565, 10.962950197564828, 1.0
-0.9811854565798505, 0.5007306461664823, 9.522774123936038, 1.0
-0.9614834356673425, 0.3107005451492321, 9.490778842730963, 1.0
-0.9088833382245385, 0.5418209757555064, 9.20866450379773, 1.0
-0.9714830967735697, -1.322289318496017, 10.11067815258969, 1.0
-0.8045204964953755, 1.0306755267617533, 8.710115497408442, 1.0
-0.8252270404817409, 0.4144464835599034, 9.074332713619334, 1.0
-0.8852583811470731, -1.1345891348106356, 9.74644249359403, 1.0
-0.9512569613107266, -2.4017600150646876, 10.571078059206728, 1.0
-0.9512569613107266, -2.4017600150646876, 10.571078059206728, 1.0
-0.9128460476262771, -2.3345050000310863, 10.32215247591968, 1.0
-0.7933171221880028, -1.495615317666732, 9.595368174295487, 1.0
-0.6836200067390072, -0.6261080095877579, 8.984956061931989, 1.0
-0.6591666715955931, -0.20661259086155817, 8.7755985253691, 1.0
-0.6458323107235177, -1.3978437460666242, 9.163990251986398, 1.0
-0.5598212922122826, 1.0789110117452885, 8.473777414057654, 1.0
-0.43851557398170654, -1.560880978309068, 9.648594197391096, 1.0
-0.36179565469648994, 0.8624160115482179, 8.339059033893967, 1.0
-0.4166738687927416, -2.3675830152029884, 9.964136353158208, 1.0
-0.4166738687927416, -2.3675830152029884, 9.964136353158208, 1.0
-0.39681234023271494, -1.8061313541014672, 9.779447888292529, 1.0
-0.30306858124611497, -0.48722349839431434, 9.442598933529952, 1.0
-0.28642782171525943, -1.172650293476928, 9.876418869561775, 1.0
-0.2170678779793065, -1.3642214055587123, 9.975008519122715, 1.0
-0.09690042823836194, -1.4339839078275833, 10.104577024564758, 1.0
-0.09690042823836194, -1.4339839078275833, 10.104577024564758, 1.0
-0.0006226045204342156, -2.515048895467877, 10.495441007559622, 1.0
-0.004148864846318039, -2.4022121408419954, 10.614443522252381, 1.0
0.04594334733111947, -1.0209710596044412, 10.413997874831717, 1.0
0.0703075050726569, 1.4415197999587586, 8.525659471281646, 1.0
0.32051003640346787, -2.304131052676674, 11.222707909871596, 1.0
0.4183402066908951, -2.275902662246684, 11.27235293198063, 1.0
1.5101497068190086, -2.8408943594460534, 11.225470540642414, 1.0
1.940766117807609, -3.7237476111152747, 10.677016580643503, 1.0
1.9971120002588314, -4.241401415076848, 10.895837417184039, 1.0
2.033239254971307, -4.18332840051605, 10.832729339322348, 1.0
2.045489014264727, -3.3295085970040215, 10.381096289463565, 1.0
2.060775331717861, -3.503477307620354, 10.385209644279621, 1.0
2.1234363492114854, -4.1860801671399015, 10.616561914919426, 1.0
2.1823659410885727, -4.153374092360141, 10.662186015356319, 1.0
1.8821901021008873, -0.07934346936198168, 8.345675154110989, 1.0
2.6662209896598763, -4.068389246562824, 11.097016484942053, 1.0
2.7959734524774396, -3.856097409282178, 11.56452885982047, 1.0
2.7145388901225824, -2.6738109297230865, 11.038724206198273, 1.0
2.813546221273712, -3.291705272362194, 11.370853695517342, 1.0
2.9455665066216126, -4.16938098010668, 11.664609908579996, 1.0
2.7270869120746566, -2.346498674834759, 10.746040727878029, 1.0
2.3188091834210294, -0.04788913131214176, 8.899325778928084, 1.0
2.574995526618279, -1.146878860532199, 9.848045511299711, 1.0
2.3897370623075602, -0.02535908045953712, 8.852604334123432, 1.0
2.6819818708557492, -1.1137672260023361, 9.906006770414988, 1.0
2.754623629015459, -1.428670091623705, 10.04914282633196, 1.0
2.939879427607472, -2.2262223965255563, 10.66149154392778, 1.0
2.7664610710061814, -1.3607472249640644, 9.99717133345754, 1.0
2.548403941508512, -0.4293107074677204, 9.129492036977613, 1.0
2.3140947912400955, 0.6804721933821862, 8.106676123103965, 1.0
2.2723677124789585, 0.7840275833278646, 7.921309898534146, 1.0
2.891746689876821, -1.8012077587775353, 9.732696237971314, 1.0
2.8844876805505417, -1.64887836429475, 9.675670334534423, 1.0
2.6930458172251464, -0.7792444760816922, 8.91720077095543, 1.0
2.532047862249991, -0.024385692890737196, 8.348349707079537, 1.0
2.9275406306685277, -1.7749971932350603, 9.652637236259006, 1.0
2.8972215623123128, -1.6062771797584838, 9.532253854635776, 1.0
2.581234367247537, -0.26105872300613636, 8.464298586579677, 1.0
2.783158117577388, -0.9164673820773033, 9.01973837983772, 1.0
2.4217934488309854, 0.6208673658504433, 7.620232117063131, 1.0
2.3968354562077714, 0.6129437067834901, 7.510973427940678, 1.0
3.605503033803126, -3.4259275435463046, 11.258664758234943, 1.0
2.5299900800335156, 0.9512882038361599, 7.436544094024424, 1.0
3.134988171940727, -0.015627205069679427, 8.833475344795504, 1.0
4.936855333719409, -3.1700625370679725, 12.80810958317205, 1.0
4.826692650345603, -2.4691873198537775, 12.367706962613545, 1.0
3.6135668548895072, 0.18358557996485037, 9.085888642497752, 1.0
5.37132369437343, -3.6308023607587567, 13.524738364139559, 1.0
4.205967515463486, -0.4780059012944986, 10.216160391294805, 1.0
4.1644130305738, 0.004554243362559656, 9.78044310312533, 1.0
3.585759300410223, 1.0345839860577295, 8.306333098146549, 1.0
3.648293743911229, 0.979119250569416, 8.367505441871126, 1.0
2.072434661779679, -3.7556225649624873, 9.843463814239634, 1.0
3.1903185976020336, -4.2741064814443925, 12.166341551045273, 1.0
3.0377959109660786, -2.660420610766967, 10.286729766358254, 1.0
2.718998324586617, -0.7245307307567529, 8.979256634513037, 1.0
2.3678540243915656, 0.651124551089526, 7.647658957508799, 1.0
2.62267776821778, -0.13884021677714456, 8.444689199930606, 1.0
2.843832777924532, -0.16932643301434525, 8.549118393199217, 1.0
3.3463543750065985, -0.6593861876249182, 9.521396996814113, 1.0
2.672233948710526, 1.0170611068981665, 7.502351286867912, 1.0
2.990354291492248, 1.1744237028143616, 7.751092937354022, 1.0
3.064394614736715, 1.1821322025765657, 7.731482337954686, 1.0
4.261132464311301, -0.37648327633286977, 10.453621550959266, 1.0
3.967214931832159, 0.01079828418239706, 9.648114224471522, 1.0
5.256639692730161, -2.4561814873537475, 12.711498371608158, 1.0
4.921173180803094, -1.6442707380248904, 11.772876551164487, 1.0
4.921173180803094, -1.6442707380248904, 11.772876551164487, 1.0
4.700933804815599, -0.7657471819649773, 11.138269701882583, 1.0
5.614445000529973, -2.5826037190018956, 13.112807849472784, 1.0
5.486910002980116, -1.976696335173051, 12.691573808585956, 1.0
4.85844775124602, -1.0194978502319787, 11.177327661512654, 1.0
4.860303892134086, -0.8615618400622437, 11.155323136096685, 1.0
5.274573845806791, -1.5629708646174096, 12.067315459035944, 1.0
4.7401596820415035, -0.4788236242584052, 10.803185523462837, 1.0
6.0152746859201605, -2.589115749303059, 13.607905779988428, 1.0
4.807866363604301, -0.17222039072389772, 10.59089065848311, 1.0
4.539795960778236, 0.31687505111383135, 9.902838369220364, 1.0
5.616959341577218, -1.3405616779549616, 12.233741140582016, 1.0
5.2110410150661215, -0.41912634619585987, 11.164936873732211, 1.0
4.66465627745192, 0.1842789036008875, 9.883030209433977, 1.0
5.887542958774191, -1.3671573222691888, 12.420132515551678, 1.0
6.1127366083413, -1.2616977836754173, 12.90071898887964, 1.0
7.599430321907366, -3.61263331676249, 15.967121722164212, 1.0
